smile	binding.affinity
[H]N([H])C([H])([H])C([H])([H])C1=C([H])C([H])=C(Br)C([H])=C1[H]	1540
[H]N([H])C([H])([H])C([H])([H])C1=C([H])C([H])=C([H])C(Br)=C1[H]	398
[H]N([H])C([H])([H])C([H])([H])C1=C([H])C([H])=C([H])C([H])=C1Br	57
[H]N([H])C([H])([H])C([H])([H])C1=C([H])C([H])=C(Cl)C([H])=C1[H]	2860
[H]N([H])C([H])([H])C([H])([H])C1=C([H])C([H])=C([H])C(Cl)=C1[H]	189
[H]N([H])C([H])([H])C([H])([H])C1=C([H])C([H])=C([H])C([H])=C1Cl	77
[H]N([H])C([H])([H])C([H])([H])C1=C([H])C([H])=C(F)C([H])=C1[H]	740
[H]N([H])C([H])([H])C([H])([H])C1=C([H])C(F)=C([H])C([H])=C1[H]	150
[H]N([H])C([H])([H])C([H])([H])C1=C([H])C([H])=C([H])C([H])=C1F	65
[H]N(C([H])([H])[H])C([H])([H])C([H])([H])C1=C([H])C([H])=C([H])C([H])=C1[H]	318.5
[H]N([H])C([H])([H])C([H])([H])C1=C([H])C([H])=C([H])C(OC([H])([H])[H])=C1[H]	1444
[H]N([H])C([H])([H])C([H])([H])C1=C([H])C([H])=C([H])C([H])=C1[H]	117.5
[H]N(C([H])([H])[H])C([H])([H])C([H])([H])C1=C([H])C([H])=C(Br)C([H])=C1[H]	6540
[H]C1=C([H])C(Br)=C([H])C(=C1[H])C([H])([H])C([H])([H])N(C([H])([H])[H])C([H])([H])[H]	8300
[H]N([H])C([H])([H])C([H])([H])C1=C([H])C([H])=C(Cl)C(Cl)=C1[H]	3430
[H]N([H])C([H])([H])C([H])([H])C1=C([H])C([H])=C([H])C(Cl)=C1Cl	1160
[H]OC1=C([H])C(F)=C(C(F)=C1[H])C([H])([H])C([H])([H])N([H])[H]	767
[H]N([H])C([H])([H])C([H])([H])C1=C(F)C([H])=C(OC([H])([H])[H])C([H])=C1F	1400
[H]N([H])C([H])([H])C([H])([H])C1=C(F)C([H])=C([H])C([H])=C1Cl	312
[H]N([H])C([H])([H])C([H])([H])C1=C(Cl)C([H])=C([H])C([H])=C1Cl	51
[H]N(C([H])([H])[H])C([H])([H])C([H])([H])C1=C([H])C([H])=C([H])C(Br)=C1[H]	1070
[H]C1=C([H])C([H])=C(C(Br)=C1[H])C([H])([H])C([H])([H])N(C([H])([H])[H])C([H])([H])[H]	3460
[H]N(C([H])([H])[H])C([H])([H])C([H])([H])C1=C([H])C([H])=C([H])C([H])=C1Br	205
[H]N(C([H])([H])[H])C([H])([H])C([H])([H])C1=C([H])C([H])=C(Cl)C([H])=C1[H]	7430
[H]C1=C([H])C(Cl)=C([H])C(=C1[H])C([H])([H])C([H])([H])N(C([H])([H])[H])C([H])([H])[H]	5980
[H]N(C([H])([H])[H])C([H])([H])C([H])([H])C1=C([H])C([H])=C([H])C(Cl)=C1[H]	501
[H]N([H])C([H])([H])C([H])([H])C1=C([H])C([H])=C(C([H])=C1[H])C([H])([H])C([H])([H])[H]	6740
[H]N([H])C([H])([H])C([H])([H])C1=C([H])C(OC([H])([H])[H])=C(Br)C([H])=C1OC([H])([H])[H]	7190
[H]N([H])C([H])([H])C([H])([H])C1=C([H])C(OC([H])([H])[H])=C(Cl)C([H])=C1OC([H])([H])[H]	3750
[H]N([H])C([H])([H])C([H])([H])C1=C([H])C(OC([H])([H])[H])=C([H])C([H])=C1OC([H])([H])[H]	2010
[H]N([H])C([H])([H])C([H])([H])C1=C([H])C(=C([H])C([H])=C1C([H])([H])[H])C([H])([H])[H]	377
[H]C1=C([H])C([H])=C(C(Cl)=C1[H])C([H])([H])C([H])([H])N(C([H])([H])[H])C([H])([H])[H]	687
[H]N(C([H])([H])[H])C([H])([H])C([H])([H])C1=C([H])C([H])=C([H])C([H])=C1Cl	160
[H]N(C([H])([H])[H])C([H])([H])C([H])([H])C1=C([H])C([H])=C(F)C([H])=C1[H]	1040
[H]C1=C([H])C(=C([H])C(F)=C1[H])C([H])([H])C([H])([H])N(C([H])([H])[H])C([H])([H])[H]	4320
[H]N(C([H])([H])[H])C([H])([H])C([H])([H])C1=C([H])C(F)=C([H])C([H])=C1[H]	530
[H]C1=C([H])C([H])=C(C(F)=C1[H])C([H])([H])C([H])([H])N(C([H])([H])[H])C([H])([H])[H]	1290
[H]N(C([H])([H])[H])C([H])([H])C([H])([H])C1=C([H])C([H])=C([H])C([H])=C1F	117
[H]N([H])C(C([H])([H])[H])(C([H])([H])[H])C([H])([H])C1=C([H])C([H])=C([H])C([H])=C1[H]	5470
[H]N([H])[C@]([H])(C([H])([H])[H])C([H])([H])C1=C([H])C([H])=C([H])C([H])=C1[H]	927.5
[H]N([H])[C@@]1([H])C([H])([H])[C@]1([H])C1=C([H])C([H])=C([H])C([H])=C1[H]	1578.7375
[H]N([H])C([H])([H])C([H])(C1=C([H])C([H])=C([H])C([H])=C1[H])C1=C([H])C([H])=C([H])C([H])=C1[H]	3400
[H]N([H])C([H])([H])[C@]([H])(C1=C([H])C([H])=C([H])C([H])=C1[H])C([H])(C([H])([H])[H])C([H])([H])[H]	9950
[H]N([H])C([H])([H])C1(C2=C([H])C([H])=C([H])C([H])=C2[H])C([H])([H])C1([H])[H]	5050
[H]N([H])C([H])([H])C(C1=C([H])C([H])=C([H])C([H])=C1[H])(C([H])([H])[H])C([H])([H])[H]	7880
[H]N([H])C([H])([H])[C@@]([H])(C1=C([H])C([H])=C([H])C([H])=C1[H])C([H])([H])[H]	245
[H]N([H])C([H])([H])C([H])([H])C1=C([H])C([H])=C2OC([H])([H])OC2=C1[H]	5030
[H]N([H])C([H])([H])C([H])([H])C1=C([H])C(OC([H])([H])[H])=C(C([H])=C1OC([H])([H])[H])C([H])([H])C([H])([H])[H]	6444
[H]OC1=C([H])C([H])=C(C([H])=C1[H])C([H])([H])C([H])([H])N([H])[H]	668.0975
[H]OC1=C([H])C(=C([H])C([H])=C1[H])C([H])([H])C([H])([H])N([H])[H]	1740
[H]OC1=C([H])C([H])=C([H])C([H])=C1C([H])([H])C([H])([H])N([H])[H]	614
[H]N([H])C([H])([H])C([H])([H])C1=C([H])C([H])=C(OC([H])([H])[H])C([H])=C1[H]	5980
[H]N([H])C([H])([H])C([H])([H])C1=C([H])C([H])=C([H])C([H])=C1OC([H])([H])[H]	144
[H]N([H])C([H])([H])C([H])([H])C1=C([H])C([H])=C([H])C(=C1[H])C(F)(F)F	3950
[H]N([H])C([H])([H])C([H])([H])C1=C([H])C([H])=C([H])C(=C1[H])C([H])([H])[H]	638
[H]N([H])C([H])([H])C([H])([H])C1=C([H])C([H])=C([H])C([H])=C1C([H])([H])[H]	355
[H]N([H])C([H])([H])C([H])([H])C1=C([H])C([H])=C([H])C([H])=C1I	103
[H]N1C([H])=NC(=C1[H])C([H])([H])C1=C([H])C([H])=C([H])C([H])=C1[H]	20
[H]N1C(=NC([H])([H])C1([H])[H])C([H])([H])C1=C([H])C([H])=C([H])C([H])=C1[H]	1640
[H]N1C(=NC([H])([H])C1([H])[H])C([H])([H])C1=C(C([H])=C([H])C([H])=C1C([H])([H])[H])C([H])([H])[H]	82
[H]N([H])C([H])([H])C([H])([H])OC1=C([H])C([H])=C([H])C([H])=C1[H]	1792
[H]N(C(=O)C1=C([H])C([H])=C(N2C([H])([H])C([H])([H])C([H])([H])C2([H])[H])C(=C1[H])C(F)(F)F)C1=C([H])C([H])=C([H])C(OC([H])([H])C([H])([H])[H])=C1[H]	6245
[H]N([H])[C@@]([H])(C([H])([H])[H])C([H])([H])C1=C([H])C(OC([H])([H])[H])=C(C([H])=C1OC([H])([H])[H])C([H])([H])C([H])([H])[H]	5020
[H]N(C([H])([H])[H])[C@@]([H])(C([H])([H])[H])C([H])([H])C1=C([H])C([H])=C([H])C([H])=C1[H]	1500
[H]OC1=C([H])C([H])=C(C([H])=C1[H])C([H])([H])[C@@]([H])(N([H])[H])C([H])([H])[H]	5590.25
[H]N([H])[C@@]([H])(C([H])([H])[H])C([H])([H])C1=C([H])C2=C(OC([H])([H])O2)C([H])=C1[H]	9150
[H]N([H])[C@@]([H])(C([H])([H])[H])C([H])([H])C1=C([H])C(OC([H])([H])[H])=C([H])C([H])=C1[H]	4200
[H]OC1=C([H])C([H])=C(OC2=C([H])C([H])=C(C([H])=C2I)C([H])([H])C([H])([H])N([H])[H])C([H])=C1[H]	1510
[H]N(\N=C(\[H])C1=C(N(C(=C1[H])C([H])([H])[H])C1=C([H])C(Cl)=C(Cl)C([H])=C1[H])C([H])([H])[H])C(=O)C([H])([H])C(=O)N([H])C1([H])C([H])([H])C([H])([H])C([H])([H])C([H])([H])C1([H])[H]	4227
[H]C1=C(C2=C(N=C([H])N=C2N2C([H])([H])C([H])([H])N(C([H])([H])[H])C([H])([H])C2([H])[H])N1C1=C([H])C([H])=C(F)C([H])=C1[H])C1=C([H])C([H])=C([H])C([H])=C1[H]	6601.5
[H]C1=C([H])C([H])=C(C([H])=C1[H])C(=O)C1=C([H])N=C2C([H])=C([H])C(OC([H])([H])[H])=C([H])C2=C1N1C([H])([H])C([H])([H])C([H])([H])[C@]([H])(C(=O)OC([H])([H])C([H])([H])[H])C1([H])[H]	7820.5
[H]N(\N=C(/[H])C1=C(N(C(=C1[H])C([H])([H])[H])C1=C([H])C([H])=C(Cl)C([H])=C1[H])C([H])([H])[H])C(=S)N([H])C([H])([H])C([H])([H])[H]	7346.5
[H]N(C(=O)C([H])([H])OC(=O)C1=C(C2=C(O1)C([H])=C([H])C(OC([H])([H])[H])=C2[H])C([H])([H])[H])C([H])([H])C1=C([H])C([H])=C([H])C([H])=C1OC([H])([H])[H]	6908.5
[H]OC(=O)C1=C([H])C([H])([H])[C@]([H])(N([C@@]1([H])C1=C([H])C([H])=C(Br)C([H])=C1[H])S(=O)(=O)C1=C([H])C([H])=C(C([H])=C1[H])C([H])([H])[H])C1=C([H])C([H])=C(Cl)C([H])=C1[H]	7371.5
[H]N([H])C1=NC(=NC2=C([H])C([H])=C([H])C([H])=C12)N([H])C1=C([H])C([H])=C([H])C([H])=C1[H]	302.05
[H]C1=C([H])C([H])=C(S1)C(=O)C([H])([H])C([H])([H])N1C([H])([H])C([H])([H])[C@]([H])(C2=C([H])C([H])=C([H])C([H])=C2[H])C1([H])[H]	825.39
[H]C1=C([H])C([H])=C(S1)[C@@]([H])(N1C([H])([H])C([H])([H])N(C2=C([H])C([H])=C([H])C([H])=C2F)C([H])([H])C1([H])[H])C1=NN=NN1C([H])([H])C([H])([H])C1=C([H])C([H])=C([H])C([H])=C1[H]	5393
[H]N(C(=O)C([H])([H])C([H])([H])N1C([H])([H])C2=C([H])C([H])=C([H])C([H])=C2C([H])([H])C1([H])[H])C1=C([H])C([H])=C(C([H])=C1[H])C([H])([H])[H]	4291.5
[H]N([H])C1=NC(=NC2=C([H])C([H])=C([H])C([H])=C12)N([H])C1=C([H])C(F)=C([H])C([H])=C1[H]	1005.59
[H]N1C([H])([H])N(C([H])([H])C([H])([H])C2=C([H])C([H])=C([H])C([H])=C2[H])C([H])([H])[C@]2([H])C(=O)N(C(=O)N(C([H])([H])[H])[C@@]12[H])C([H])([H])[H]	7734.5
[H]C1=C([H])C([H])=C(C([H])=C1[H])C([H])([H])C([H])([H])N1N=NN=C1[C@@]([H])(N1C([H])([H])C([H])([H])N(C([H])([H])C1([H])[H])C1([H])C([H])([H])C([H])([H])C([H])([H])C1([H])[H])C1=C([H])C([H])=C(OC([H])([H])[H])C([H])=C1[H]	4896
[H]N(C(=O)N([H])C1=C([H])C([H])=C([H])C([H])=C1[H])C1=NN=C([H])S1	9760.5
[H]C1=C([H])C([H])=C(C([H])=C1[H])C([H])([H])N1C2=NN=NN2C2=C(C1=O)[C@](C([H])([H])[H])(C([H])([H])C([H])([H])[H])C([H])([H])C1=C([H])C([H])=C([H])C([H])=C21	8037
[H]N1C(=NC([H])([H])C1([H])[H])[C@@]1([H])C2=C([H])C([H])=C([H])C([H])=C2C([H])([H])C([H])([H])C1([H])[H]	155.735
[H]N(C(=O)C([H])([H])[H])[C@@](N1C([H])([H])C2=C([H])C([H])=C([H])C([H])=C2C([H])([H])C1([H])[H])(C(=O)OC([H])([H])C([H])([H])[H])C(F)(F)F	1441.42
[H]C1=C([H])C([H])=C(C([H])=C1[H])C([H])([H])[C@@]1([H])N(C([H])([H])C([H])([H])C(=O)C2=C([H])C3=C(OC([H])([H])C([H])([H])O3)C([H])=C2[H])C([H])([H])C([H])([H])C1([H])[H]	5135.48
[H]C1=C([H])C([H])=C2C(=C1[H])C([H])([H])C([H])([H])N(C([H])([H])C([H])([H])C(=O)C1=C([H])C3=C(OC([H])([H])C([H])([H])O3)C([H])=C1[H])C([H])([H])C2([H])[H]	540.85
[H]C1=C(C([H])=C(Br)C(=O)O1)C(=O)N1C([H])([H])C([H])([H])C([H])([H])C(C([H])([H])[H])(C([H])([H])[H])C1([H])[H]	1619.945
[H]N(C1=NC2=C([H])C([H])=C([H])C([H])=C2O1)C1=NC([H])([H])N(C([H])([H])C([H])([H])C2=C([H])C([H])=C([H])C([H])=C2[H])C([H])([H])N1[H]	8458
[H]C1=C([H])C([H])=C(C([H])=C1[H])C([H])([H])C([H])([H])N1C([H])([H])N2C(=NC3=C([H])C([H])=C([H])C([H])=C23)N(C([H])([H])C([H])([H])C([H])([H])N2C([H])([H])C([H])([H])OC([H])([H])C2([H])[H])C1([H])[H]	412.435
[H]N(C([H])([H])C1=C([H])C([H])=C([H])N1C([H])([H])[H])C([H])([H])C([H])([H])C1=C([H])C([H])=C([H])C([H])=C1F	4929
[H]N(C(=O)C1=NC([H])=C([H])N=C1[H])C([H])([H])N1C([H])([H])C2=C([H])C([H])=C([H])C([H])=C2C([H])([H])C1([H])[H]	5088
[H]N(C1=NC2=C([H])C([H])=C([H])C([H])=C2C(=N1)N1C([H])([H])C([H])([H])C([H])([H])C1([H])[H])C1=C([H])C([H])=C(OC([H])([H])[H])C([H])=C1[H]	5257
[H]C1=C([H])C([H])=C2C(=C1[H])C([H])([H])N(C1=NC3=C([H])C4=C(OC([H])([H])O4)C([H])=C3S1)C([H])([H])C2([H])[H]	1857.09
[H]OC(=O)[C@]1([H])C([H])([H])C([H])=C(Cl)C([H])([H])[C@]1([H])C(=O)N([H])C([H])([H])[C@@]1([H])OC([H])([H])C([H])([H])C2=C([H])C([H])=C([H])C([H])=C12	8563
[H]N1C(=O)N(C(=O)C([H])=C1N1C([H])([H])C2=C([H])C([H])=C([H])C([H])=C2C([H])([H])C1([H])[H])C1=C([H])C([H])=C([H])C([H])=C1C([H])([H])[H]	4831
[H]N(C1=C(C#N)C([H])([H])C([H])([H])C([H])([H])N([H])C1=O)C([H])([H])C([H])([H])C1=C([H])C([H])=C([H])C([H])=C1[H]	1963.43
[H]O[C@]1([H])[C@]([H])(O[C@@]([H])(C([H])([H])[H])[C@@]([H])(O[H])[C@]1([H])O[H])N([H])C([H])([H])C([H])([H])C1=C([H])C([H])=C([H])C([H])=C1[H]	98.56
[H]N(C(=O)[C@@]1([H])C([H])([H])N(C([H])([H])C([H])([H])C1([H])[H])S(=O)(=O)C1=C([H])C([H])=C([H])C2=NSN=C12)C([H])([H])C([H])([H])C1=C([H])C([H])=C([H])C([H])=C1[H]	1433.21
[H]N(C([H])([H])C([H])([H])C1=C([H])C([H])=C([H])C([H])=C1[H])S(=O)(=O)C1=C([H])C2=C(C([H])=C1[H])N(C(=O)C(=O)N2C([H])([H])[H])C([H])([H])[H]	5577.5
[H]N(C1=NC2=C(N1[H])C(=O)N(C(=O)N2C([H])([H])[H])C([H])([H])[H])C1=C([H])C([H])=C([H])C([H])=C1[H]	7531
[H]OC(=O)[C@]1([H])[C@@]2([H])C([H])=C([H])[C@]([H])(C2([H])[H])[C@@]1([H])C(=O)N([H])C([H])([H])C([H])([H])C1=C([H])C([H])=C([H])C([H])=C1[H]	2699.895
[H]C1=C([H])C([H])=C2C(=O)C(=C(N3C([H])([H])C4=C([H])C([H])=C([H])C([H])=C4C([H])([H])C3([H])[H])C([H])([H])[H])C(=O)C2=C1[H]	397.95
[H]N(C1=NC([H])=NC2=C1N([H])C([H])=N2)C([H])([H])C([H])([H])C1=C([H])C([H])=C([H])C([H])=C1[H]	6429.5
[H]N(C(=O)C1=C([H])C(OC([H])([H])C2=C([H])C([H])=C([H])C([H])=C2[H])=C([H])C([H])=C1[H])C1=C([H])C([H])=C(C([H])=C1[H])N1C([H])([H])C([H])([H])N(C([H])([H])[H])C([H])([H])C1([H])[H]	9211
[H]N(C(=O)C([H])([H])C([H])([H])C([H])([H])C([H])([H])C([H])([H])[C@@]1([H])N([H])C(=O)N([H])[C@]1([H])C([H])([H])[H])C([H])([H])C([H])([H])C1=C([H])C([H])=C([H])C([H])=C1[H]	4145.5
[H]OC(=O)[C@]1([H])C([H])([H])C([H])([H])C([H])([H])C([H])([H])[C@@]1([H])C(=O)N([H])C([H])([H])C([H])([H])C1=C([H])C([H])=C([H])C([H])=C1[H]	4653
[H]OC1=C(SC2=NC([H])=NN12)[C@@]([H])(N1C([H])([H])C2=C([H])C([H])=C([H])C([H])=C2C([H])([H])C1([H])[H])C1=C([H])C([H])=C(F)C([H])=C1[H]	9305
[H]N(C1=C(C(=O)C([H])([H])C1([H])[H])C([H])([H])[H])C([H])([H])C([H])([H])C1=C([H])C([H])=C([H])C([H])=C1[H]	3475
[H]OC1=C([H])C([H])=C(C([H])=C1[H])C([H])([H])C([H])([H])N([H])C([H])=C1C(=O)C([H])([H])C(C([H])([H])[H])(C([H])([H])[H])C([H])([H])C1=O	5329
[H]OC(=O)[C@]([H])(N1N=C(C([H])=C1C([H])([H])[H])C([H])([H])[H])C([H])([H])C(=O)N1C([H])([H])C2=C([H])C([H])=C([H])C([H])=C2C([H])([H])C1([H])[H]	2687
[H]OC(=O)[C@]1([H])[C@@]2([H])C([H])=C([H])[C@]([H])(C2([H])[H])[C@@]1([H])C(=O)N([H])C([H])([H])C([H])([H])C1=C([H])C(Cl)=C([H])C([H])=C1[H]	6250.37
[H]N(C1=C([H])C(=O)N(C(=O)N1C([H])([H])[H])C([H])([H])[H])C([H])([H])C([H])([H])C1=C([H])C([H])=C([H])C([H])=C1[H]	9616.5
[H]N(C(=C1C(=O)C([H])([H])C([H])([H])C1=O)C([H])([H])C([H])([H])[H])C([H])([H])C([H])([H])C1=C([H])C([H])=C([H])C([H])=C1[H]	1347.415
[H]C#CC([H])([H])OC(=O)C([H])([H])C([H])([H])C(=O)N([H])C([H])([H])C([H])([H])C1=C([H])C([H])=C([H])C([H])=C1[H]	2365
[H]N(\C(=C1\C(=O)SC([H])([H])C1=O)C([H])([H])[H])C([H])([H])C([H])([H])C1=C([H])C([H])=C([H])C([H])=C1[H]	5561.5
[H]N1C(=NC([H])([H])C1([H])[H])C([H])([H])C1=C([H])C2=C([H])C([H])=C([H])C([H])=C2C([H])=C1[H]	1316.4425
[H]N(C([H])([H])[H])C([H])([H])C([H])([H])C1=C([H])C([H])=C([H])C([H])=N1	3631.5
[H]OC(=O)[C@]1([H])C([H])([H])C(=C(C([H])([H])[H])C([H])([H])[C@]1([H])C(=O)N([H])C([H])([H])C([H])([H])C1=C([H])C([H])=C([H])C([H])=C1[H])C([H])([H])[H]	4303
[H]N([H])C1=C(C#N)C2=C(S1)C([H])([H])N(C([H])([H])C([H])([H])C1=C([H])C([H])=C([H])C([H])=C1[H])C([H])([H])C2([H])[H]	5338
[H]N(C(=O)[C@@]([H])(N(C(=O)C1=C([H])SN=N1)C1([H])C([H])([H])C1([H])[H])C1=C([H])C([H])=NC([H])=C1[H])C([H])([H])C([H])([H])C1=C([H])C([H])=C([H])C([H])=C1[H]	4847.5
[H]N(C(=O)C([H])([H])[C@@]1([H])N([H])C2=C([H])C([H])=C([H])C([H])=C2N([H])C1=O)C([H])([H])C([H])([H])C1=C([H])C([H])=C([H])C([H])=C1[H]	4722
[H]N1C(SC([H])([H])C(=O)N2C([H])([H])C3=C([H])C([H])=C([H])C([H])=C3C([H])([H])C2([H])[H])=NC([H])=C([H])C1=O	6158.5
[H]N(C(=O)C1=C([H])SC([H])([H])C([H])([H])O1)C1=C([H])C([H])=C(C([H])=C1[H])C(=O)N([H])C([H])([H])C1=C([H])C([H])=C(F)C([H])=C1[H]	4044
[H]N([H])N([H])C1=NC(=NC(=N1)N([H])C1=C([H])C([H])=C([H])C([H])=C1[H])N1C([H])([H])C([H])([H])C([H])([H])C([H])([H])C1([H])[H]	6120.5
[H]C1=C([H])C([H])=C(C([H])=C1[H])[C@]1([H])C([H])([H])N(C([H])([H])C([H])([H])C(=O)C2=C([H])C3=C(OC([H])([H])C([H])([H])O3)C([H])=C2[H])C([H])([H])C1([H])[H]	834.52
[H]OC([H])([H])C([H])([H])N([H])C1=NC(=NC2=C([H])C([H])=C([H])C([H])=C12)N([H])C1=C([H])C([H])=C([H])C([H])=C1[H]	131.69
[H]N(C(=O)N1C([H])([H])C2=C([H])C([H])=C([H])C([H])=C2C([H])([H])C1([H])[H])C1=C([H])C([H])=C([H])C2=C([H])C([H])=C([H])C([H])=C12	5064.845
[H]N(C1=NC([H])([H])C(=O)N1C([H])([H])C([H])([H])C1=C([H])C([H])=C([H])C([H])=C1[H])C1=C([H])C([H])=C([H])C(=C1[H])C([H])([H])[H]	3964.55
[H]N(C(=O)C1=NN2C(=N1)N=C(C([H])=C2C(F)(F)F)C1=C([H])C([H])=C([H])S1)C([H])([H])C([H])([H])C1=C([H])C([H])=C([H])C([H])=C1[H]	1128.08
[H]N(\C([H])=C(/[H])C(=O)C1([H])C(=O)C([H])([H])C(C([H])([H])[H])(C([H])([H])[H])C([H])([H])C1=O)C([H])([H])C([H])([H])C1=C([H])C([H])=C([H])C([H])=C1[H]	4629.5
[H]N1C2=C([H])C([H])=C([H])C([H])=C2C(=C1C([H])([H])[H])C([H])([H])N1C([H])([H])C2=C([H])C([H])=C([H])C([H])=C2C([H])([H])C1([H])[H]	351.88
[H]C1=C(N(C(=C1C(=O)C([H])([H])SC1=C(C#N)C(=C([H])C(=N1)C([H])([H])[H])C([H])([H])[H])C([H])([H])[H])C([H])([H])C([H])([H])C1=C([H])C([H])=C([H])C([H])=C1[H])C([H])([H])[H]	2913.5
[H]OC(=O)[C@]1([H])C([H])([H])C([H])([H])C([H])([H])C([H])([H])[C@@]1([H])C(=O)N([H])C([H])([H])[C@@]([H])(C1=C([H])C([H])=C([H])C([H])=C1[H])C([H])([H])[H]	7737.5
[H]N(C(=C1C(=O)C([H])([H])C([H])([H])C1=O)C([H])([H])[H])C([H])([H])C([H])([H])C1=C([H])C([H])=C([H])C([H])=C1[H]	5284.5
[H]N([H])C(=N\N=C(/[H])C1=C([H])C([H])=C([H])C([H])=C1[H])N([H])[H]	2498
[H]N(C(=O)N([H])C1=C([H])C([H])=C(C([H])=C1[H])C(=O)C([H])([H])[H])C1=C([H])C([H])=C([H])C([H])=C1[H]	3230
[H]N(C(=O)C1=C([H])C([H])=C(O1)C([H])([H])S(=O)(=O)C([H])([H])C1=C([H])C([H])=C([H])C([H])=C1F)C([H])([H])C([H])([H])C1=C([H])C([H])=C([H])C([H])=C1[H]	4237.5
[H]N(\N=C(/[H])C1=C([H])C([H])=C([H])C([H])=C1[H])C1=C(Cl)C(=O)N([H])N=C1[H]	635.34
[H]C1=C(N(C(=C1C(=O)C([H])([H])SC1=NN=NN1C1=C([H])C([H])=C([H])C([H])=C1[H])C([H])([H])[H])C([H])([H])C([H])([H])C1=C([H])C([H])=C([H])C([H])=C1[H])C([H])([H])[H]	4842.5
[H]N1C(=O)N(C2=C(C(=O)N(C([H])([H])C([H])([H])C3=C([H])C([H])=C([H])C([H])=C3[H])C2([H])[H])[C@]1([H])C1=C([H])C([H])=C([H])C([H])=C1[H])C([H])([H])[H]	3384.5
[H]N(C(=O)C([H])([H])C([H])([H])[H])[C@@](N1C([H])([H])C2=C([H])C([H])=C([H])C([H])=C2C([H])([H])C1([H])[H])(C(=O)OC([H])([H])C([H])([H])[H])C(F)(F)F	576.045
[H]N(\C(=C1/C(=O)N([H])C(=O)N(C1=O)C1([H])C([H])([H])C([H])([H])C([H])([H])C([H])([H])C1([H])[H])C([H])([H])C([H])([H])[H])C([H])([H])C([H])([H])C1=C([H])C([H])=C([H])C([H])=C1[H]	4547.5
[H]C1=C([H])C([H])=C2C(=O)N(C(=O)C2=C1[H])[C@]([H])(C(=O)N1C([H])([H])C2=C([H])C([H])=C([H])C([H])=C2C([H])([H])C1([H])[H])C([H])([H])C([H])(C([H])([H])[H])C([H])([H])[H]	4257.5
[H]OC([H])([H])C([H])([H])N([H])C1=NC(=NC2=C([H])C([H])=C([H])C([H])=C12)N([H])C1=C([H])C(OC([H])([H])[H])=C([H])C([H])=C1[H]	9183.5
[H]N([H])C1=NC(N2C([H])([H])C([H])([H])N([H])C([H])([H])C2([H])[H])=C(C#N)C2=C([H])C(OC([H])([H])C([H])([H])[H])=NC(N([H])[H])=C12	6956.5
[H]C1=C([H])C([H])=C2C(=C1[H])C([H])([H])N(C([H])([H])C([H])([H])OC([H])([H])C([H])([H])OC1=C([H])C([H])=C(OC([H])([H])C([H])([H])C([H])([H])[H])C([H])=C1[H])C([H])([H])C2([H])[H]	2701
[H]N(C([H])([H])C1=C([H])C(OC([H])([H])[H])=C(OC([H])([H])C2=C([H])N=C(Cl)C([H])=C2[H])C([H])=C1[H])C([H])([H])C([H])([H])C1=C([H])C([H])=C([H])C([H])=C1F	6151
[H]N(C(=S)N([H])C1=C([H])C([H])=C(C([H])=C1[H])S(=O)(=O)N([H])C1=C([H])C([H])=C(OC([H])([H])[H])C([H])=C1[H])C(=O)C([H])(C([H])([H])[H])C([H])([H])[H]	4113
[H]N(\N=C(\[H])C1=C([H])C([H])=C([H])C(=C1[H])C([H])([H])[H])C1=C(Cl)C(=O)N([H])N=C1[H]	4305.5
[H]N(C(=O)C1=C([H])C([H])=C(N([H])C2=NC3=C(N2[H])C([H])=C(Br)C([H])=C3[H])C([H])=C1[H])C([H])([H])C1([H])C([H])([H])C1([H])[H]	8328.5
[H]C1=C([H])C([H])=C2C(OC(=O)C(=C2N2C([H])([H])C([H])([H])C([H])([H])[C@]([H])(C([H])([H])[H])C2([H])[H])[N+]([O-])=O)=C1[H]	7726
[H]N(C(=O)C1=C([H])C([H])=C(C([H])=C1[H])[N+]([O-])=O)C([H])([H])C([H])([H])C1=C([H])C([H])=C([H])C([H])=C1[H]	4823.5
[H]N(C(=O)C([H])([H])C([H])([H])[H])[C@@](N([H])C([H])([H])C([H])([H])C1=C([H])C([H])=C([H])C([H])=C1[H])(C(=O)OC([H])([H])C([H])([H])[H])C(F)(F)F	5124.5
[H]N1C(=S)N(C([H])([H])C([H])([H])[H])C([H])([H])N(C([H])([H])C([H])([H])C2=C([H])C([H])=C([H])C([H])=C2[H])C1([H])[H]	6933
[H]N1C(=S)N(C2=C([H])C([H])=C(C([H])=C2[H])C(=O)OC([H])([H])C([H])([H])[H])C([H])([H])N(C([H])([H])C([H])([H])C2=C([H])C([H])=C([H])C([H])=C2[H])C1([H])[H]	422.015
[H]\C(=N/C([H])([H])[C@@]1([H])OC([H])([H])C([H])([H])C2=C([H])C([H])=C([H])C([H])=C12)C1=C([H])C(OC([H])([H])[H])=C([H])C(OC([H])([H])[H])=C1[H]	359.4
[H]\C(=N/C([H])([H])[C@@]1([H])OC([H])([H])C([H])([H])C2=C([H])C([H])=C([H])C([H])=C12)C1=C([H])C(OC([H])([H])[H])=C(OC([H])([H])[H])C([H])=C1[H]	300.755
[H]N(C(=C1C(=O)C([H])([H])C(C([H])([H])[H])(C([H])([H])[H])C([H])([H])C1=O)C([H])([H])C1=C([H])C(OC([H])([H])C([H])([H])[H])=C(OC([H])([H])C([H])([H])[H])C([H])=C1[H])C([H])([H])C([H])([H])C1=C([H])C([H])=C([H])C([H])=C1[H]	1598.115
[H]C1=C([H])C([H])=C2C(=C1[H])C([H])([H])N(C(=O)C1=C(C3=C(O1)C([H])=C([H])C(=C3[H])S(=O)(=O)N1C([H])([H])[C@]([H])(C([H])([H])[H])C([H])([H])[C@]([H])(C([H])([H])[H])C1([H])[H])C([H])([H])[H])C([H])([H])C2([H])[H]	6143.5
[H]C1=C(C(=O)C(=O)N2C([H])([H])C3=C([H])C([H])=C([H])C([H])=C3C([H])([H])C2([H])[H])C2=C([H])C([H])=C([H])C([H])=C2N1C([H])([H])C(=O)N1C([H])([H])C([H])([H])C([H])([H])C([H])([H])C1([H])[H]	2223.56
[H]OC(=O)[C@]1([H])[C@@]([H])(C(=O)N([H])C([H])([H])C([H])([H])C2=C([H])C([H])=C([H])C([H])=C2[H])[C@@]2([H])C(=C(C([H])([H])[H])C([H])([H])[H])[C@]1([H])C([H])([H])C2([H])[H]	1304.56
[H]O[C@@]([H])(C([H])([H])OC([H])(C1=C([H])C([H])=C(Cl)C([H])=C1[H])C1=C([H])C([H])=C(Cl)C([H])=C1[H])C([H])([H])N1C([H])([H])C2=C([H])C([H])=C([H])C([H])=C2C([H])([H])C1([H])[H]	5692.5
[H]O[C@@]([H])(C([H])([H])OC1=C(Cl)C([H])=C([H])C([H])=C1Cl)C([H])([H])N([H])[C@]1([H])C2=C([H])C([H])=C([H])C([H])=C2C([H])([H])C([H])([H])C1([H])[H]	5209
[H]N=C(SC([H])([H])C1=C(Cl)C([H])=C([H])C([H])=C1[H])N([H])[H]	3312.5
[H]N=C(SC([H])([H])C1=C([H])C([H])=C([H])C(=C1[H])C([H])([H])[H])N([H])[H]	9060.5
[H]N(C(=O)C([H])([H])S[C@]1([H])C2=C(OC(C([H])([H])[H])(C([H])([H])[H])C1([H])[H])C([H])=C([H])C(OC([H])([H])[H])=C2[H])C([H])([H])C([H])([H])C1=C([H])C([H])=C([H])C([H])=C1[H]	1673
[H]N(\C([H])=C1/C([H])=C(Cl)C([H])=C([H])C1=O)C([H])([H])C([H])([H])C1=C([H])C([H])=C([H])C([H])=C1[H]	154.885
[H]N1C([H])([H])C2=C3C(SC4=C([H])C([H])=C([H])C([H])=C4C([H])([H])[C@]3([H])C1([H])[H])=C([H])C([H])=C2[H]	6488
[H]C1=C([H])C([H])=C(C([H])=C1[H])[C@]1([H])C([H])([H])N(C([H])([H])C([H])([H])C(=O)C2=C([H])C(OC([H])([H])[H])=C(OC([H])([H])[H])C(OC([H])([H])[H])=C2[H])C([H])([H])C1([H])[H]	1296.355
[H]OC1=C([H])C([H])=C(N([H])C2=NC3=C([H])C([H])=C([H])C([H])=C3C(=N2)N([H])C([H])([H])C([H])([H])O[H])C([H])=C1[H]	1107.03
[H]OC1=C([H])C([H])=C([H])C(N([H])C2=NC3=C([H])C([H])=C([H])C([H])=C3C(=N2)N([H])C([H])([H])C([H])([H])O[H])=C1[H]	169.845
[H]OC1=C(C([H])=C([H])C([H])=C1[C@]([H])(C1=C([H])C([H])=C([H])C([H])=C1[H])C([H])([H])C(=O)N([H])C([H])([H])C([H])([H])C1=C([H])C([H])=C([H])C([H])=C1[H])C([H])([H])[H]	4060.5
[H]OC1=C([H])C([H])=C(C([H])=C1[H])[C@@]([H])(N1C([H])([H])C2=C([H])C([H])=C([H])C([H])=C2C([H])([H])C1([H])[H])C1=NN=NN1C(C([H])([H])[H])(C([H])([H])[H])C([H])([H])C([H])([H])[H]	794.265
[H]ON1C2=C([H])C([H])=C(\C(=N/C([H])([H])C([H])([H])C3=C([H])C([H])=C([H])C([H])=C3[H])C2=NC11C([H])([H])C([H])([H])C([H])([H])C([H])([H])C1([H])[H])[N+]([O-])=O	5974.5
[H]N(C(=O)C1=NOC(=C1[N+]([O-])=O)C([H])(C([H])([H])[H])C([H])([H])[H])C([H])([H])C([H])([H])C1=C([H])C([H])=C([H])C([H])=C1[H]	8540.5
[H]N(\N=C(\[H])C1=C(C([H])=C([H])S1)C([H])([H])[H])C1=C(Cl)C(=O)N([H])N=C1[H]	5224.5
[H]O[C@@]([H])(C([H])([H])OC1=C([H])C([H])=C(C([H])=C1[H])C([H])([H])N([H])C([H])([H])C([H])([H])C1=C([H])C([H])=C([H])C([H])=C1F)C([H])([H])N1C([H])([H])C([H])([H])C([H])([H])C([H])([H])C1([H])[H]	7665
[H]OC(=O)C([H])([H])C([H])([H])C1=C([H])C([H])=C(N1C([H])([H])C([H])([H])C1=C([H])C([H])=C([H])C([H])=C1[H])C1=C([H])C([H])=C([H])S1	3276.87
[H]N(C(=O)C([H])([H])[C@]1([H])N(C([H])([H])C(C([H])([H])[H])(C([H])([H])[H])C([H])([H])[H])C([H])([H])C([H])([H])N([H])C1=O)C([H])([H])C([H])([H])C1=C([H])C([H])=C([H])C([H])=C1F	7010.5
[H]N(C(=O)C([H])([H])[C@@]1([H])N(C([H])([H])[H])C([H])([H])C([H])([H])N([H])C1=O)C([H])([H])C([H])([H])C1=C([H])C([H])=C([H])C([H])=C1F	4546.5
[H]\C(=N/C([H])([H])[C@@]1([H])OC2=C([H])C([H])=C([H])C([H])=C2OC1([H])[H])C1=C([H])C([H])=C(C([H])=C1[H])N(C([H])([H])[H])C([H])([H])[H]	9286
[H]N(C(=O)C1([H])C([H])([H])C([H])([H])N(C(=O)C2=C([H])C([H])=C(C([H])=C2[H])[N+]([O-])=O)C([H])([H])C1([H])[H])C([H])([H])C([H])([H])C1=C([H])C([H])=C([H])C([H])=C1[H]	7625
[H]OC1=C([H])\C(=C(\[H])N([H])N([H])C(=S)N([H])C2=C([H])C([H])=C([H])C([H])=C2[N+]([O-])=O)C([H])=C([H])C1=O	5678
[H]OC(=O)[C@@]1([H])[C@@]2([H])O[C@]([H])(C([H])=C2[H])[C@]1([H])C(=O)N([H])C([H])([H])C([H])([H])C1=C([H])C(Cl)=C([H])C([H])=C1[H]	1704.475
[H]N(C([H])([H])C1=C(OC([H])([H])C([H])([H])[H])C([H])=C([H])C(=C1[H])[N+]([O-])=O)C([H])([H])C([H])([H])C1=C([H])C([H])=C([H])C([H])=C1[H]	2257.265
[H]N([H])S(=O)(=O)C1=C([H])C([H])=C(N([H])C(=S)N([H])C([H])([H])C([H])([H])C2=C([H])C([H])=C([H])C([H])=C2[H])C([H])=C1[H]	4810
[H]N(C(=O)C(=S)N([H])C([H])([H])C([H])([H])C1=C([H])C([H])=C([H])C([H])=C1[H])C1=C(C([H])=C(OC([H])([H])[H])C(=C1[H])C([H])([H])[H])C([H])([H])[H]	1572.655
[H]N(C(=S)C(=O)N([H])C1([H])C([H])([H])C([H])([H])C([H])([H])C([H])([H])C1([H])[H])C([H])([H])C([H])([H])C1=C([H])C([H])=C([H])C([H])=C1[H]	3947.5
[H]N(C([H])([H])C1=C(OC([H])([H])[H])C(OC([H])([H])[H])=C(OC([H])([H])[H])C([H])=C1[H])C([H])([H])C([H])([H])C1=C([H])C([H])=C([H])C([H])=C1OC([H])([H])[H]	6427.5
[H]N(C(=S)N1C([H])([H])C2=C([H])C([H])=C([H])C([H])=C2C([H])([H])C1([H])[H])C1=C([H])C(OC([H])([H])[H])=C(OC([H])([H])[H])C([H])=C1[H]	7832.5
[H]N([H])C1=C(C(=O)N([H])C([H])([H])C([H])([H])C2=C([H])C([H])=C([H])C([H])=C2[H])C2=C(S1)C([H])([H])C([H])([H])C2([H])[H]	6646
[H]OC(=O)C(\[H])=C(/[H])C(=O)N([H])C([H])([H])C([H])([H])C1=C([H])C(Cl)=C([H])C([H])=C1[H]	2236.815
[H]N(C([H])([H])C1=C(N=C2C([H])=C([H])C([H])=C([H])N12)C(=O)N1C([H])([H])C([H])([H])OC([H])([H])C1([H])[H])C([H])([H])[C@]1([H])OC([H])([H])C([H])([H])C2=C([H])C([H])=C([H])C([H])=C12	7827.5
[H]N(C([H])([H])C1=C(N=C2C([H])=C(C([H])=C([H])N12)C([H])([H])[H])C(=O)N1C([H])([H])C([H])([H])C([H])([H])C([H])([H])C([H])([H])C1([H])[H])C([H])([H])[C@]1([H])OC([H])([H])C([H])([H])C2=C([H])C([H])=C([H])C([H])=C12	7179
[H]N(C([H])([H])C1=C(N=C2N1C([H])=C([H])C([H])=C2C([H])([H])[H])C(=O)N1C([H])([H])C([H])([H])C([H])([H])C([H])([H])C1([H])[H])C([H])([H])[C@@]1([H])OC([H])([H])C([H])([H])C2=C([H])C([H])=C([H])C([H])=C12	4603
[H]OC1=C(C([H])=C(Br)C([H])=C1Br)C(=O)C([H])([H])SC(=S)N1C([H])([H])C([H])([H])C([H])([H])[C@]([H])(C([H])([H])[H])C1([H])[H]	2708.29
[H]C1=C([H])C([H])=C(C([H])=C1[H])C([H])([H])C([H])([H])N1C(=O)C2=C([H])C([H])=C([H])C3=C(C([H])=C([H])C(C1=O)=C23)C(=O)C([H])([H])[H]	7886
[H]N([H])C1=C(N([H])C([H])([H])C([H])([H])C2=C([H])C([H])=C([H])C([H])=C2[H])C2=C([H])C([H])=C([H])C([H])=C2OC1=O	4132
[H]N(C([H])([H])[H])C([H])([H])[C@]([H])(C1=C([H])C([H])=C([H])C([H])=C1[H])C([H])([H])[H]	2069.955
[H]N(C(=O)N([H])C1=C([H])C([H])=C([H])C([H])=C1[H])C1=C([H])C([H])=NC([H])=C1[H]	4036.5
[H]N([H])C(=NC1=C([H])C(OC([H])([H])[H])=C([H])C([H])=C1[H])N([H])[H]	3454.5
[H]N(C1=C([H])C(Cl)=C([H])C([H])=C1[H])S(=O)(=O)C1=C(SC(=C1[H])C([H])([H])[H])C([H])([H])[H]	6773.5
[H]OC(=O)C(\[H])=C(/[H])C(=O)N([H])C([H])([H])C([H])([H])C1=C([H])C([H])=C([H])C([H])=C1[H]	670.31
[H]N(C(=O)C1=C([H])C(F)=C([H])C([H])=C1[H])C1=C(C([H])=C([H])C(=C1[H])S(=O)(=O)N([H])C1=C([H])C([H])=C(OC([H])([H])[H])C([H])=C1[H])N1C([H])([H])C([H])([H])OC([H])([H])C1([H])[H]	8333.5
[H]OC(=O)C(\[H])=C(/[H])C(=O)N([H])C([H])([H])C([H])([H])C1=C([H])C([H])([H])C([H])([H])C([H])([H])C1([H])[H]	4515.5
[H]N(C(=O)C(=O)N([H])C([H])([H])[C@@]1([H])OC([H])([H])C([H])([H])N1S(=O)(=O)C1=C([H])C([H])=C([H])C([H])=C1[H])C([H])([H])C([H])([H])C1=C([H])C([H])=C([H])C([H])=C1[H]	8577
[H]N(C(=O)C([H])([H])SC1=C(C([H])=C(C([H])=C1[H])C([H])([H])[H])C([H])([H])[H])C1=C([H])C(F)=C(C([H])=C1[H])N1C([H])([H])C([H])([H])N(C([H])([H])[H])C([H])([H])C1([H])[H]	4523
[H]N(C1=C([H])N([H])C(=O)N([H])C1=O)C([H])([H])C([H])([H])C1=C([H])C([H])=C([H])C([H])=C1[H]	361.4
[H]OC(=O)C(\[H])=C(/[H])C(=O)N([H])[C@@]([H])(C([H])([H])[H])C([H])([H])C1=C([H])C([H])=C([H])C([H])=C1[H]	6417
[H]N(\N=C(\[H])C1=C([H])C([H])=C([H])S1)C1=C(Cl)C(=O)N([H])N=C1[H]	9706.5
[H]OC([H])([H])[C@]1([H])C([H])=C2C3=C4C(N([H])C([H])=C4C([H])([H])[C@@]2([H])N(C([H])([H])[H])C1([H])[H])=C([H])C([H])=C3[H]	6102
[H]N(C1=C(C#N)C(Cl)=NS1)C([H])([H])C([H])([H])C1=C([H])C([H])=C([H])C([H])=C1[H]	1345.115
[H]N(C([H])([H])C(=O)N1C([H])([H])C2=C([H])C([H])=C([H])C([H])=C2C([H])([H])C1([H])[H])C([H])([H])C([H])([H])C1=C([H])C([H])=C([H])C([H])=C1[H]	3359.5
[H]N(\N=C(\C1=C([H])C([H])=C([H])C([H])=C1[H])C([H])([H])C1=NC([H])=C([H])N1[H])C1=C([H])C([H])=C([H])C([H])=C1[H]	648.43
[H]N1N=C(C(=O)OC([H])([H])C(=O)C2=C(N(C(=C2[H])C([H])([H])[H])C([H])([H])C([H])([H])C2=C([H])C([H])=C([H])C([H])=C2[H])C([H])([H])[H])C([H])([H])C([H])([H])C1=O	4389
[H]N([H])N([H])C(=S)N([H])C([H])([H])C([H])([H])C1=C([H])C([H])=C([H])C([H])=C1[H]	5524.56
[H]C([H])=C(C1=C([H])C(=C([H])C([H])=C1[H])C(N([H])C(=O)N([H])C1=C([H])C([H])=C(C([H])=C1[H])C(=O)C([H])([H])[H])(C([H])([H])[H])C([H])([H])[H])C([H])([H])[H]	5463
[H]N(C1=NN=C(C2=C(N(C(=C2[H])C([H])([H])[H])C([H])([H])[C@@]2([H])OC([H])([H])C([H])([H])C2([H])[H])C([H])([H])[H])C([H])([H])S1)C([H])([H])C([H])([H])C1=C([H])C([H])=C([H])C([H])=C1[H]	1696.235
[H]N(C1=NN=C(C2=C(N(C(=C2[H])C([H])([H])[H])C([H])([H])C([H])([H])C2=C([H])C([H])=C([H])C([H])=C2[H])C([H])([H])[H])C([H])([H])S1)C([H])([H])C([H])([H])[H]	715.46
[H]N([H])C(\SC([H])([H])C1=C([H])C([H])=C([H])C([H])=C1[H])=N/N=C(C([H])([H])[H])C([H])([H])[H]	8576
[H]N(C1=NC([H])([H])C([H])([H])S1)[C@@]([H])(C1=C([H])C([H])=C([H])C([H])=C1[H])C([H])([H])[H]	9667
[H]N1C(=S)N(C2=C([H])C([H])=C([H])C([H])=C2OC([H])([H])[H])C([H])([H])N(C([H])([H])C([H])([H])C2=C([H])C([H])=C([H])C([H])=C2[H])C1([H])[H]	3694.5
[H]N(C(=O)[C@]1([H])ON=C(C2=C([H])C(F)=C([H])C([H])=C2[H])C1([H])[H])C([H])([H])C([H])([H])C1=C([H])C([H])=C([H])S1	8151.5
[H]N(C1=C2N=C3C([H])=C([H])C([H])=C([H])C3=C2C([H])([H])C([H])([H])C1([H])[H])C([H])([H])C([H])([H])C1=C([H])C([H])=C([H])C([H])=C1[H]	223.655
[H]OC1=C([H])\C(=C(\[H])N([H])N([H])C2=C3C([H])=C([H])C(Cl)=C([H])C3=NC([H])=C2[H])C([H])=C([H])C1=O	1484.85
[H]N([H])C1=NC(=C([H])N1\N=C(/[H])C1=C([H])C([H])=C([H])C([H])=C1[H])C1=C([H])C([H])=C([H])C([H])=C1[H]	4980
[H]N1C(=S)N(C2=C([H])C([H])=C(C([H])=C2[H])C([H])([H])C([H])([H])[H])C([H])([H])N(C([H])([H])C([H])([H])C2=C([H])C([H])=C([H])C([H])=C2[H])C1([H])[H]	5720.5
[H]N(\N=C(/[H])C1=C(C([H])=C([H])S1)C([H])([H])[H])C(=O)C([H])([H])N1N=C(C(=C1C([H])([H])[H])[N+]([O-])=O)C([H])([H])[H]	4797
[H]N1C(=S)N(C2=C(C([H])=C([H])C(=C2[H])C([H])([H])[H])C([H])([H])[H])C([H])([H])N(C([H])([H])C([H])([H])C2=C([H])C([H])([H])C([H])([H])C([H])([H])C2([H])[H])C1([H])[H]	5878.5
[H]N1C(=S)N(C2=C([H])C([H])=C(C([H])=C2[H])C([H])([H])[H])C([H])([H])N(C([H])([H])C([H])([H])C2=C([H])C([H])=C([H])C([H])=C2[H])C1([H])[H]	4451
[H]N1C(=S)N(C2=C([H])C(OC([H])([H])[H])=C([H])C([H])=C2[H])C([H])([H])N(C([H])([H])C([H])([H])C2=C([H])C([H])=C([H])C([H])=C2[H])C1([H])[H]	2140.955
[H]\C(=C(\[H])C(=O)N1C([H])([H])C2=C([H])C([H])=C([H])C([H])=C2C([H])([H])C1([H])[H])C(=O)N1C([H])([H])C2=C([H])C([H])=C([H])C([H])=C2C([H])([H])C1([H])[H]	2906
[H]N([H])C(=NC1=C([H])C2=C([H])C([H])=C([H])C([H])=C2C2=C([H])C([H])=C([H])C([H])=C12)N([H])[H]	795.145
[H]N([H])C(=N\N=C(/[H])C1=C(Cl)C([H])=C([H])C([H])=C1Cl)N([H])[H]	2250
[H]OC1=C(C2=C([H])C([H])=C([H])C([H])=C2C([H])=C1[H])C([H])([H])N([H])[H]	285.125
[H]OC([H])([H])C([H])([H])C([H])([H])C([H])([H])N([H])C1=C([H])C([H])=C([H])C2=C([H])C([H])=C([H])C([H])=C12	2220.09
[H]C1=C([H])C([H])=C(S1)[C@@]([H])(N1C([H])([H])C([H])([H])N(C([H])([H])C2=C([H])C3=C(OC([H])([H])O3)C([H])=C2[H])C([H])([H])C1([H])[H])C1=NN=NN1C([H])([H])C([H])([H])C1=C([H])C([H])=C([H])C([H])=C1[H]	1291.615
[H]C1=C([H])C([H])=C(C([H])=C1[H])C([H])([H])SC1=NN=C(O1)C1=C([H])C([H])=C(C([H])=C1[H])S(=O)(=O)N1C([H])([H])C([H])([H])C([H])([H])C1([H])[H]	913.295
[H]N1C(=O)C(=C([H])C2=C1C([H])=C(OC([H])([H])[H])C([H])=C2[H])C([H])([H])N(C([H])([H])C1=NN=NN1C([H])([H])[C@@]1([H])OC([H])([H])C([H])([H])C1([H])[H])C([H])([H])C([H])([H])C1=C([H])C([H])=C([H])C([H])=C1[H]	6625
[H]OC1=C(OC([H])([H])[H])C([H])=C(C([H])=C1[H])C([H])([H])N1C([H])([H])C2=C([H])C([H])=C([H])C([H])=C2C([H])([H])C1([H])[H]	7574.5
[H]N(C(=O)N([H])C1=C([H])C([H])=C([H])C([H])=C1[H])C1=NN=C(S1)C([H])([H])C(=O)N([H])C1=C([H])C([H])=C([H])C([H])=C1[H]	554.75
[H]N(C(=S)N([H])C([H])([H])C([H])([H])C1=C([H])C([H])=C([H])C([H])=C1[H])C1=C(Cl)C([H])=C([H])C([H])=C1Cl	2339.01
[H]N(C(=O)N([H])C1=C([H])C([H])=C([H])C([H])=C1[H])C1=C([H])C([H])=NO1	4639
[H]N(C(=O)C1=C([H])C([H])=C(Cl)C([H])=C1[H])C([H])([H])C([H])([H])C1=C([H])C([H])=C([H])S1	2335.5
[H]N(C(=O)[C@]1([H])N(C([H])([H])[H])[C@]2([H])C3=NC4=C(C([H])=C(C(=C4[H])C([H])([H])[H])C([H])([H])[H])N3C([H])([H])[C@]2([H])C1([H])[H])C([H])([H])C([H])([H])C1=C([H])C([H])=C([H])S1	5249.5
[H]N(C(=O)[C@]1([H])N(C([H])([H])[H])[C@]2([H])C3=NC4=C([H])C([H])=C([H])C([H])=C4N3C([H])([H])[C@]2([H])C1([H])[H])C([H])([H])C([H])([H])C1=C([H])C([H])=C([H])S1	7897.5
[H]N1C([H])([H])C([H])([H])N(C([H])([H])C([H])([H])C2=C([H])C([H])=C([H])C3=C([H])C([H])=C([H])C([H])=C23)[C@]([H])(C([H])([H])C([H])([H])C([H])([H])C([H])([H])[H])C1([H])[H]	3766.5
[H]N(C(=O)C1=C(OC([H])([H])[H])C([H])=C([H])C([H])=C1OC([H])([H])[H])C([H])([H])C([H])([H])C1=C([H])C([H])=C([H])C([H])=C1[H]	6120
[H]N1C([H])([H])C2=C(OC3=C([H])C([H])=C([H])C([H])=C23)[C@]([H])(C([H])([H])[H])C1([H])[H]	161.315
[H]N(C([H])([H])C([H])([H])OC1=C([H])C([H])=C(Cl)C([H])=C1[H])C([H])([H])C([H])([H])C1=C([H])C([H])=C([H])C([H])=C1[H]	6701
[H]N([H])C(=N/N=C(/[H])C1=C([H])C([H])=C(F)C([H])=C1[H])\N([H])\N=C(\[H])C1=C([H])C([H])=C(F)C([H])=C1[H]	3321
[H]OC([H])([H])C([H])([H])N([H])C1=NC(=NC2=C([H])C([H])=C([H])C([H])=C12)N([H])C1=C(C(Cl)=C([H])C([H])=C1[H])C([H])([H])[H]	4885.5
[H]N([H])C1=NC(=NC2=C([H])C([H])=C([H])C([H])=C12)N([H])C1=C([H])C(=C(C([H])=C1[H])C([H])([H])[H])C([H])([H])[H]	6433.5
[H]N(C(=O)C([H])([H])C1=C([H])C([H])=C([H])C([H])=C1OC([H])([H])[H])C([H])([H])C([H])([H])C1=C([H])C([H])=C([H])C([H])=C1[H]	6087
[H]N1C([H])=C(C2=C([H])C([H])=C([H])C([H])=C12)C([H])([H])N(C([H])([H])[H])C([H])([H])C([H])([H])C1=C([H])C([H])=C([H])C([H])=C1[H]	7113.5
[H]OC1=C(C([H])=C(C([H])=C1OC([H])([H])[H])C([H])([H])N1C([H])([H])C2=C([H])C([H])=C([H])C([H])=C2C([H])([H])C1([H])[H])[N+]([O-])=O	3891
[H]N(C(=O)N([H])C1=C([H])C(F)=C([H])C([H])=C1[H])C1=C([H])N=C([H])C([H])=C1[H]	2862.345
[H]C1=C([H])C([H])=C2C(=C1[H])C([H])([H])N(C(=O)C([H])([H])OC1=C([H])C([H])=C(OC([H])([H])[H])C([H])=C1[H])C([H])([H])C2([H])[H]	7082.5
[H]N(C([H])([H])C1=C([H])C2=C(N([H])C1=O)C([H])=C(C([H])=C2[H])C([H])([H])[H])C([H])([H])C([H])([H])C1=C([H])C([H])=C([H])C(=C1[H])C([H])([H])[H]	5618
[H]N(C(=O)C([H])([H])N1C([H])=NC(=C1[H])[N+]([O-])=O)C([H])([H])C([H])([H])C1=C([H])C([H])=C([H])C([H])=C1[H]	9204.5
[H]N(C([H])([H])C1=C([H])C2=C(N([H])C1=O)C([H])=C(C([H])=C2[H])C([H])([H])[H])C([H])([H])C([H])([H])C1=C([H])C([H])=C([H])C([H])=C1C([H])([H])[H]	2937.5
[H]N(N([H])C1=C([H])C(=NC2=C([H])C([H])=C([H])C([H])=C12)C([H])([H])[H])C(\[H])=C1/C([H])=C([H])C([H])=C([H])C1=O	7146.5
[H]N(C1=C2N=NN(C2=NC(=N1)C([H])([H])[H])C([H])([H])C1=C([H])C([H])=C([H])C([H])=C1Cl)C([H])([H])C([H])([H])C1=C([H])C([H])=C([H])C([H])=C1[H]	2051.75
[H]N(C(=O)C([H])([H])N1C([H])([H])C2=C([H])C([H])=C([H])C([H])=C2C([H])([H])C1([H])[H])C1=C([H])C([H])=C([H])C([H])=C1C(F)(F)F	7301
[H]N(C([H])([H])C1=C([H])C2=C([H])C(=C([H])C(=C2N([H])C1=O)C([H])([H])[H])C([H])([H])[H])C([H])([H])C([H])([H])C1=C([H])C([H])=C([H])C(=C1[H])C([H])([H])[H]	1286.54
[H]N(C([H])([H])C([H])([H])C1=C([H])C([H])=C([H])C([H])=C1[H])S(=O)(=O)C1=C([H])C([H])=C(F)C([H])=C1[H]	2796
[H]N(C([H])([H])C1=C(OC([H])([H])[H])C(=C(OC([H])([H])[H])C([H])=C1[H])C([H])([H])[H])C([H])([H])C([H])([H])C1=C([H])C([H])=C([H])C([H])=C1F	1978.69
[H]O[C@]([H])(C([H])([H])N1C([H])([H])C([H])([H])C([H])(C2=C([H])C(=NN2[H])C2=C([H])C([H])=C(OC([H])([H])[H])C([H])=C2[H])C([H])([H])C1([H])[H])C(F)(F)F	5556.5
[H]N(C([H])([H])C1=C([H])C([H])=NC([H])=C1[H])C([H])([H])C([H])([H])C1=C(Cl)C([H])=C(Cl)C([H])=C1[H]	4391.5
[H]N1C([H])([H])C([H])([H])C2=C([H])C([H])=C([H])C([H])=C2[C@]([H])(C2=C([H])C([H])=C([H])C([H])=C2[H])C1([H])[H]	2381.5
[H]N(C([H])=C1C([H])=C([H])C(=O)C([H])=C1[H])C([H])([H])C([H])([H])C1=C([H])C([H])=C([H])C([H])=C1[H]	128.45
[H]OC(=O)C1=C(N(C(=C1C([H])([H])N([H])C([H])([H])C([H])([H])C1=C([H])C([H])=C([H])C([H])=C1[H])C([H])([H])[H])C1=C([H])C([H])=C([H])C([H])=C1[H])C([H])([H])[H]	4973.5
[H]O[C@]([H])(C1=C([H])C([H])=C([H])C([H])=C1[H])C([H])([H])\N=C(/[H])C1=C([H])C([H])=C(OC([H])([H])C([H])([H])[H])C([H])=C1[H]	2017.315
[H]O[C@@]([H])(C([H])([H])OC([H])(C1=C([H])C([H])=C(F)C([H])=C1[H])C1=C([H])C([H])=C(F)C([H])=C1[H])C([H])([H])N1C([H])([H])C([H])([H])C([H])([H])[C@@]([H])(C1([H])[H])C(F)(F)F	5490
[H]N(C([H])([H])C([H])([H])C1=C([H])C([H])=C([H])C([H])=C1[H])C1([H])C([H])([H])C([H])([H])C([H])([H])C([H])([H])C([H])([H])C1([H])[H]	1107.815
[H]N(C(=O)C(=O)N([H])C([H])([H])[C@@]1([H])OC([H])([H])C([H])([H])N1S(=O)(=O)C1=C([H])C([H])=C(C([H])=C1[H])C([H])([H])[H])C([H])([H])C([H])([H])C1=C([H])C([H])=C([H])C([H])=C1OC([H])([H])[H]	5209.5
[H]N([H])C1=C(C(=NC(=N1)N([H])C1=C([H])C([H])=C(Cl)C([H])=C1[H])N([H])C([H])([H])C1=C([H])C([H])=C([H])O1)[N+]([O-])=O	5306.695
[H]N([H])S(=O)(=O)C1=C([H])C([H])=C(C([H])=C1[H])C([H])([H])C([H])([H])N([H])C(=O)C([H])([H])N([H])C([H])([H])C([H])([H])C1=C([H])C([H])=C([H])C([H])=C1[H]	2318.5
[H]N1C([H])=NC(=C1\C([H])=C(/[H])C1=C([H])C([H])=C([H])C([H])=C1[H])[N+]([O-])=O	9654
[H]O[C@]([H])(C1=C([H])C([H])=C([H])C([H])=C1[H])C([H])([H])N([H])C([H])([H])[C@@]([H])(O[H])C([H])([H])OC1=C(OC([H])([H])[H])C([H])=C(C([H])=C1[H])C(=O)C([H])([H])[H]	7202.5
[H]OC1=C([H])C([H])=C(C([H])=C1[H])[C@@]1([H])C2=C([H])C(O[H])=C(O[H])C(Cl)=C2C([H])([H])C([H])([H])N([H])C1([H])[H]	5373.5
[H]N(C(=O)C1=C([H])C([H])=C(O1)C([H])([H])S(=O)(=O)C1=C([H])C([H])=C([H])C([H])=C1C([H])([H])C([H])([H])[H])C([H])([H])C([H])([H])C1=C([H])C([H])=C([H])C([H])=C1[H]	5416.5
[H]N(C(=O)C([H])([H])S(=O)(=O)C([H])([H])C1=C(OC(=N1)C1=C([H])C([H])=C([H])C([H])=C1C([H])([H])[H])C([H])([H])[H])C([H])([H])C([H])([H])C1=C([H])C([H])=C([H])C([H])=C1[H]	6085
[H]N(C(=O)C([H])([H])[C@]1([H])N(C([H])([H])C([H])([H])C([H])([H])C2=C([H])C([H])=C([H])C([H])=C2[H])C([H])([H])C([H])([H])N([H])C1=O)C([H])([H])C([H])([H])C1=C([H])C([H])=C([H])C([H])=C1F	4438
[H]N(C(=O)C([H])([H])C([H])([H])C(=O)N1N=C(C2=C([H])C([H])=C([H])C([H])=C12)C([H])([H])[H])C([H])([H])C([H])([H])C1=C([H])C([H])=C([H])C([H])=C1[H]	8460.5
[H]N(C(=O)C([H])([H])[C@@]1([H])N(C([H])([H])C2=C([H])C([H])=C([H])C([H])=N2)C([H])([H])C([H])([H])N([H])C1=O)C([H])([H])C([H])([H])C1=C([H])C([H])=C([H])C([H])=C1F	3673.5
[H]N1C2=C([H])C([H])=C([H])C([H])=C2C2=C1C([H])([H])C([H])([H])N([H])C2([H])[H]	1091.805
[H]N(C(=O)C([H])([H])N1N=C(C2=C(N(N=C2C1=O)C1=C([H])C([H])=C(C([H])=C1[H])C([H])([H])[H])C([H])([H])[H])C([H])([H])[H])C([H])([H])C([H])([H])C1=C([H])C([H])=C([H])C([H])=C1C([H])([H])[H]	8440
[H]N(C(=O)C([H])([H])S(=O)(=O)C([H])([H])C1=C(OC(=N1)C1=C([H])C([H])=C([H])C([H])=C1Cl)C([H])([H])[H])C([H])([H])C([H])([H])C1=C([H])C([H])=C([H])C([H])=C1[H]	5546
[H]N(C(=O)C([H])([H])C([H])([H])S(=O)(=O)C1=C([H])C2=C(N([H])C(=O)C([H])([H])O2)C([H])=C1C([H])([H])[H])C([H])([H])C([H])([H])C1=C([H])C([H])=C([H])C([H])=C1[H]	4685.5
[H]N1C(=O)[C@@]([H])(N(C([H])([H])C([H])([H])C2=C([H])C([H])=C([H])C([H])=C2[H])C([H])([H])C1([H])[H])C([H])([H])C(=O)N(C([H])([H])C([H])([H])[H])C([H])([H])C([H])([H])N1N=C([H])C([H])=C1[H]	1752.5
[H]N(C(=O)C([H])([H])[C@]1([H])N(C([H])([H])C([H])([H])C([H])([H])C2=C([H])C([H])=C([H])C([H])=C2[H])C([H])([H])C([H])([H])N([H])C1=O)C([H])([H])C([H])([H])C1=C([H])C([H])=C([H])C([H])=C1Cl	3361
[H]N(C(=O)N([H])C1=C([H])C([H])=C(F)C([H])=C1[H])C1=C([H])C([H])=NC([H])=C1[H]	2731.12
[H]N(C([H])=O)[C@@]([H])(C([H])([H])[H])C([H])([H])C1=C([H])C([H])=C([H])C([H])=C1[H]	1422.12
[H]N(C(=O)C([H])([H])SC1=NS(=O)(=O)C2=C([H])C([H])=C([H])C([H])=C2N1[H])C([H])([H])C([H])([H])C1=C([H])C([H])=C([H])C([H])=C1[H]	5138.5
[H]N(C(=O)C([H])([H])SC1=NS(=O)(=O)C2=C(N1[H])C([H])=C([H])C(F)=C2[H])C([H])([H])C([H])([H])C1=C([H])C([H])=C([H])C([H])=C1[H]	2069.485
[H]N(C(=O)C1=C([H])C2=C(OC([H])([H])O2)C([H])=C1[H])C([H])([H])C([H])([H])S(=O)(=O)N([H])C([H])([H])C([H])([H])C1=C([H])C([H])=C([H])C([H])=C1OC([H])([H])[H]	5550.5
[H]N(C(=O)C1=C([H])C2=C(OC([H])([H])O2)C([H])=C1[H])C([H])([H])C([H])([H])S(=O)(=O)N([H])C([H])([H])C([H])([H])C1=C([H])C([H])=C([H])C([H])=C1[H]	9683.5
[H]N(C(=O)C(=O)N([H])C([H])([H])[C@@]1([H])OC([H])([H])C([H])([H])N1S(=O)(=O)C1=C([H])C2=C(OC([H])([H])C([H])([H])O2)C([H])=C1[H])C([H])([H])C([H])([H])C1=C([H])C([H])=C([H])C([H])=C1[H]	7052
[H]N(C(=O)C([H])([H])SC1=NS(=O)(=O)C2=C(N1[H])C([H])=C([H])C(Cl)=C2[H])C([H])([H])C([H])([H])C1=C([H])C([H])=C([H])C([H])=C1[H]	1351.95
[H]N(C(=O)C([H])([H])SC(=S)N1C([H])([H])C([H])([H])C([H])([H])C1([H])[H])C([H])([H])C([H])([H])C1=C([H])C([H])=C([H])C([H])=C1[H]	1574
[H]OC1=C(O[H])C([H])=C(C([H])=C1[H])[C@@]1([H])C2=C(SC([H])=C2[H])C([H])([H])N([H])C1([H])[H]	2541.74
[H]N(C(=O)C1=C([H])C([H])=C([H])C([H])=C1[H])[C@]([H])(C(=O)OC([H])([H])C(=O)C1=C([H])N([H])C2=C([H])C([H])=C([H])C([H])=C12)C([H])([H])[H]	5203.5
[H]N(C(=O)C([H])([H])OC(=O)C([H])([H])C1=C([H])C([H])=C([H])C([H])=C1F)C([H])([H])C([H])([H])C1=C([H])C([H])=C([H])C([H])=C1[H]	6154
[H]C1=C(N(C(=C1C(=O)C([H])([H])N1C(=O)N(C(=O)C1=O)C1([H])C([H])([H])C([H])([H])C([H])([H])C1([H])[H])C([H])([H])[H])C([H])([H])C([H])([H])C1=C([H])C([H])=C([H])C([H])=C1[H])C([H])([H])[H]	2586
[H]N1C2=C([H])C([H])=C([H])C([H])=C2C2=C1C([H])([H])C([H])([H])N(C(=O)C([H])([H])C([H])([H])C([H])([H])Cl)C2([H])[H]	1272.555
[H]C1=C(N(C(=C1C(=O)C([H])([H])N1C([H])([H])C([H])([H])N(C([H])([H])C1([H])[H])[C@]1([H])C([H])([H])C([H])([H])S(=O)(=O)C1([H])[H])C([H])([H])[H])C([H])([H])C([H])([H])C1=C([H])C([H])=C([H])C([H])=C1[H])C([H])([H])[H]	4476
[H]C1=C(N(C(=C1C(=O)C([H])([H])N1C(=O)N(C(=O)C1=O)C1([H])C([H])([H])C([H])([H])C([H])([H])C1([H])[H])C([H])([H])[H])C([H])([H])C([H])([H])C1=C([H])C([H])=C(F)C([H])=C1[H])C([H])([H])[H]	4262.5
[H]N(C(=O)C1=C(Cl)N=C(Cl)C([H])=C1C([H])([H])[H])C([H])([H])C([H])([H])C1=C([H])C([H])=C([H])C([H])=C1[H]	7784.5
[H]N(C1=NC(=C([H])C(=N1)N(C([H])([H])[H])C([H])([H])[H])C([H])([H])[H])C1=C([H])C([H])=C([H])C([H])=C1[H]	200.565
[H]N(C(=O)C1=C(N([H])C([H])=N1)C(=O)N1C([H])([H])C2=C([H])C([H])=C([H])C([H])=C2C([H])([H])C1([H])[H])C1=NC([H])=C([H])S1	2904.285
[H]OC1=C([H])C(=O)N=C(SC([H])([H])C(=O)N2C([H])([H])C3=C([H])C([H])=C([H])C([H])=C3C([H])([H])C2([H])[H])N1C([H])([H])C([H])([H])C([H])([H])[H]	8268.75
[H]N(C(=O)C([H])([H])SC1=NC(=O)C(=NN1[H])C([H])([H])[H])C([H])([H])C([H])([H])C1=C([H])C([H])([H])C([H])([H])C([H])([H])C1([H])[H]	4236.5
[H]C1=C([H])C([H])=C2C(=C1[H])C([H])([H])N(C(=O)C([H])([H])S(=O)(=O)C([H])([H])C1=C(OC(=N1)C1=C([H])C([H])=C(C([H])=C1[H])C([H])([H])[H])C([H])([H])[H])C([H])([H])C2([H])[H]	3816
[H]C1=C([H])C([H])=C(C([H])=C1[H])[C@]1([H])C2=C([H])C([H])=C([H])C([H])=C2C([H])([H])C([H])([H])N(C([H])([H])C([H])([H])C(=O)C2=C([H])C3=C(OC([H])([H])C([H])([H])O3)C([H])=C2[H])C1([H])[H]	6894
[H]N1[C@@]([H])(OC2=C(C3=C([H])C([H])=C([H])C([H])=C3C([H])=C2[H])[C@@]1([H])C([H])([H])[H])C([H])([H])[H]	522.015
[H]N([H])C1=NC(=C([H])S1)C1=C(N(C(=C1[H])C([H])([H])[H])C([H])([H])C([H])([H])C1=C([H])C([H])=C([H])C([H])=C1[H])C([H])([H])[H]	2126.085
[H]N(\N=C(/[H])C1=C([H])C(=O)N([H])C(=O)N1[H])C1=C([H])C([H])=C([H])C([H])=C1[H]	8212.685
[H]N(C([H])([H])C([H])([H])C1=C([H])C([H])=C([H])C([H])=C1[H])[C@@]1([H])OC2=C([H])C3=C(OC([H])([H])O3)C([H])=C2[C@]([H])(C2=C([H])C(OC([H])([H])[H])=C(OC([H])([H])[H])C(OC([H])([H])[H])=C2[H])[C@@]1([H])C([H])([H])[H]	142.33
[H]N([H])C([H])([H])C(=O)C1=C([H])C([H])=C([H])C([H])=C1[H]	4246.5
[H]N(C1=NC([H])([H])C([H])([H])O1)C1=C(C([H])=C([H])C([H])=C1OC([H])([H])[H])C([H])([H])[H]	2425.25
[H]C1=C([H])C([H])=C(C([H])=C1[H])C([H])([H])C([H])([H])N1C(=S)SC([H])([H])N(C([H])([H])C([H])([H])C2=C([H])C([H])=C([H])C([H])=C2[H])C1([H])[H]	2727
[H]N(\C(=C1\C(=O)OC([H])([H])C1([H])[H])C([H])([H])[H])C([H])([H])C([H])([H])C1=C([H])C([H])=C([H])C([H])=C1[H]	1497.385
[H]OC1=C([H])C([H])=C(C([H])=C1[H])C([H])([H])C([H])([H])N([H])C(=C1\C(=O)OC([H])([H])C1([H])[H])\C([H])([H])[H]	5657.5
[H]N(C([H])([H])C([H])([H])C([H])([H])N1C([H])=NC2=C1N=C([H])N=C2OC([H])([H])[H])C([H])([H])[C@@]([H])(C1=C([H])C([H])=C([H])C([H])=C1[H])C([H])([H])[H]	8313
[H]N1C([H])([H])C([H])([H])N(C2=NC3=C([H])C(=C([H])C(=C3C([H])=C2C#N)C([H])([H])[H])C([H])([H])[H])C([H])([H])C1([H])[H]	2917.5
[H]N([H])[C@]([H])(C1=C([H])SC(=N1)N([H])C1=NC(OC([H])([H])[H])=C([H])C([H])=C1[H])C([H])([H])[H]	2968
[H]N(C(=O)C([H])([H])C([H])([H])N1C(=S)N([H])C2=C([H])C3=C(OC([H])([H])O3)C([H])=C2C1=O)C([H])([H])C([H])([H])C1=C([H])C([H])=C([H])C([H])=C1Cl	8138.5
[H]N1C(=O)[C@@]([H])(N(C([H])([H])C2=C([H])C([H])=C([H])C([H])=N2)C([H])([H])C1([H])[H])C([H])([H])C(=O)N(C([H])([H])[H])C([H])([H])C([H])([H])C1=C([H])C([H])=C([H])C([H])=C1[H]	6487.5
[H]N([H])[C@]([H])(C1=C([H])SC(=N1)N([H])C1=NC(OC([H])([H])[H])=C([H])C([H])=C1[H])C([H])([H])OC([H])([H])C1=C([H])C([H])=C([H])C([H])=C1[H]	5671.5
[H]C1=C([H])C2=C(C([H])=C3C(=C2N1C([H])([H])[H])[C@]1([H])O[C@@]3([H])C([H])([H])C1([H])[H])N(C([H])([H])[H])C([H])([H])C([H])([H])C1=C([H])C([H])=C([H])C([H])=C1[H]	3201.5
[H]N(C(=O)C1=C(N=C(N1[H])C(F)(F)F)C1=C([H])C([H])=C([H])C([H])=C1[H])C([H])([H])C([H])([H])C1=C([H])C([H])=C([H])C([H])=C1[H]	7107
[H]OC1=C([H])C([H])=C(C([H])=C1[H])C([H])([H])C([H])([H])N([H])C(=O)C1=C(N=C(N1[H])C(F)(F)F)C1=C([H])C([H])=C([H])C([H])=C1[H]	3006.535
[H]N1C(=NC(=C1C(=O)N1C([H])([H])C2=C([H])C([H])=C([H])C([H])=C2C([H])([H])C1([H])[H])C1=C([H])C([H])=C([H])C([H])=C1[H])C(F)(F)F	6306.5
[H]N(C(=O)C([H])([H])[C@@]1([H])C(=O)N(C2=C([H])C([H])([H])C([H])([H])C([H])([H])[C@]2(C(=O)OC([H])([H])C([H])([H])[H])C1([H])[H])C([H])([H])C1=C([H])C2=C(OC([H])([H])O2)C([H])=C1[H])C([H])([H])C([H])([H])C1=C([H])C([H])=C([H])C([H])=C1OC([H])([H])[H]	4958
[H]N(C(=O)C([H])([H])[C@@]1([H])C(=O)N(C2=C([H])C([H])([H])C([H])([H])[C@]2(C(=O)OC([H])([H])C([H])([H])[H])C1([H])[H])C([H])([H])C1=C([H])C2=C(OC([H])([H])O2)C([H])=C1[H])C([H])([H])C([H])([H])C1=C([H])C([H])=C([H])C([H])=C1OC([H])([H])[H]	6987.5
[H]N(C(=O)C([H])([H])[C@@]1([H])C(=O)N(C2=C([H])C([H])([H])C([H])([H])[C@]2(C(=O)OC([H])([H])C([H])([H])[H])C1([H])[H])C([H])([H])C([H])([H])C1=C([H])C([H])([H])C([H])([H])C([H])([H])C1([H])[H])C([H])([H])C([H])([H])C1=C([H])C([H])=C([H])C([H])=C1OC([H])([H])[H]	9617.5
[H]N(C(=O)C([H])([H])[C@@]1([H])C(=O)N(C2=C([H])C([H])([H])C([H])([H])C([H])([H])C([H])([H])[C@]2(C(=O)OC([H])([H])[H])C1([H])[H])C([H])([H])C1=C([H])C([H])=C([H])C([H])=C1[H])C([H])([H])C([H])([H])C1=C([H])C([H])=C([H])C([H])=C1OC([H])([H])[H]	3662
[H]N(C(=O)C([H])([H])[C@@]1([H])C(=O)N(C2=C([H])C([H])([H])C([H])([H])C([H])([H])C([H])([H])[C@]2(C(=O)OC([H])([H])[H])C1([H])[H])C([H])([H])C([H])([H])C([H])([H])C([H])([H])C([H])([H])C([H])([H])C([H])([H])C([H])([H])[H])C([H])([H])C([H])([H])C1=C([H])C([H])=C([H])C([H])=C1OC([H])([H])[H]	8241.5
[H]C1=NC(=C(N1C([H])([H])C([H])([H])C1=C([H])C(F)=C([H])C([H])=C1[H])C([H])([H])C([H])([H])C([H])([H])C([H])([H])[H])C1=C([H])C([H])=C([H])C([H])=C1OC([H])([H])[H]	3528.5
[H]N([H])C1=C(C(=O)N([H])C([H])([H])C([H])([H])C2=C([H])C([H])=C([H])C([H])=C2[H])C2=C(S1)C([H])([H])C([H])([H])C([H])([H])C2([H])[H]	3118
[H]N([H])C1=C(C([H])=C(S1)C([H])(C([H])([H])[H])C([H])([H])[H])C(=O)N([H])C([H])([H])C([H])([H])C1=C([H])C([H])=C([H])S1	6481
[H]N(C(=O)OC(C([H])([H])[H])(C([H])([H])[H])C([H])([H])[H])C1=C([H])C([H])=C([H])C([H])=C1N1N=NN=C1[C@]([H])(N(C([H])([H])[H])C([H])([H])C([H])([H])C1=C([H])C([H])=C([H])C([H])=C1[H])C(=O)C1=C([H])C2=C(OC([H])([H])O2)C([H])=C1[H]	2073.175
[H]N(C(=O)C([H])([H])[C@@]1([H])C(=O)N(C2=C([H])C([H])([H])C([H])([H])C([H])([H])[C@]2(C(=O)OC([H])([H])C([H])([H])[H])C1([H])[H])C([H])([H])C([H])([H])C1=C([H])C([H])([H])C([H])([H])C([H])([H])C1([H])[H])C([H])([H])C([H])([H])C1=C([H])C([H])=C([H])C([H])=C1OC([H])([H])[H]	4755
[H]N(C(=O)C([H])([H])[C@@]1([H])C(=O)N(C2=C([H])C([H])([H])C(C([H])([H])[H])(C([H])([H])[H])C([H])([H])[C@]2(C(=O)OC([H])([H])[H])C1([H])[H])C([H])([H])C1=C([H])C2=C(OC([H])([H])O2)C([H])=C1[H])C([H])([H])C([H])([H])C1=C([H])C([H])=C([H])C([H])=C1OC([H])([H])[H]	4666
[H]C1=NC(=C(N1C([H])([H])C([H])([H])C1=C([H])C([H])=C([H])C([H])=C1OC([H])([H])[H])C([H])([H])C([H])(C([H])([H])[H])C([H])([H])[H])C1=C([H])C([H])=C(Cl)C([H])=C1[H]	4457.5
[H]C1=NC(=C(N1C([H])([H])C([H])([H])C1=C([H])C([H])=C([H])C([H])=C1OC([H])([H])[H])C([H])(C([H])([H])[H])C([H])([H])[H])C1=C([H])C([H])=C([H])C([H])=C1OC([H])([H])[H]	4482
[H]N(C(=O)[C@@]1([H])N(C(=O)[C@@]([H])(N([H])C(=O)C2=C([H])C(OC([H])([H])[H])=C([H])C([H])=C2[H])C([H])([H])C2=C([H])N=C([H])C([H])=C2[H])C([H])([H])C([H])([H])C1([H])[H])C([H])([H])C([H])([H])C1=C([H])C([H])=C([H])C([H])=C1Cl	3380
[H]N(C(=O)[C@@]1([H])N(C(=O)[C@@]([H])(N([H])C(=O)C2=C([H])C(Cl)=C(Cl)C([H])=C2[H])C([H])([H])C2=C([H])N=C([H])C([H])=C2[H])C([H])([H])C([H])([H])C1([H])[H])C([H])([H])C([H])([H])C1=C([H])C([H])=C([H])C([H])=C1Cl	2747
[H]C1=NC(=C(N1C([H])([H])C([H])([H])C1=C([H])C([H])=C([H])C([H])=C1OC([H])([H])[H])C([H])([H])C([H])(C([H])([H])[H])C([H])([H])[H])C1=C([H])C([H])=C(Br)C([H])=C1[H]	4418
[H]N(C(=O)[C@@]1([H])N(C(=O)[C@@]([H])(N([H])C(=O)C2=C(Cl)C([H])=C(Cl)C([H])=C2[H])C([H])([H])C2=C([H])N=C([H])C([H])=C2[H])C([H])([H])C([H])([H])C1([H])[H])C([H])([H])C([H])([H])C1=C([H])C([H])=C([H])C([H])=C1Cl	3488.5
[H]N(C(=O)[C@@]1([H])N(C(=O)[C@@]([H])(N([H])C(=O)C2([H])C([H])([H])C2([H])[H])C2([H])C([H])([H])C([H])([H])C([H])([H])C([H])([H])C2([H])[H])C([H])([H])C([H])([H])C1([H])[H])C([H])([H])C([H])([H])C1=C([H])C([H])=C([H])C([H])=C1Cl	6779
[H]N(C(=O)[C@@]1([H])N(C(=O)[C@@]([H])(N([H])C(=O)C2=C([H])C([H])=C([H])C([H])=C2[H])C([H])([H])C2=C([H])N=C([H])C([H])=C2[H])C([H])([H])C([H])([H])C1([H])[H])C([H])([H])C([H])([H])C1=C([H])C([H])=C([H])C([H])=C1Cl	4729
[H]N(C(=O)[C@@]1([H])N(C(=O)[C@@]([H])(N([H])C(=O)C2=C([H])C(OC([H])([H])[H])=C([H])C([H])=C2[H])C2=C([H])C([H])=C([H])C([H])=C2[H])C([H])([H])C([H])([H])C1([H])[H])C([H])([H])C([H])([H])C1=C([H])C([H])=C([H])C([H])=C1Cl	6908.5
[H]N(C(=O)[C@@]1([H])N(C(=O)[C@@]([H])(N([H])S(=O)(=O)C2=C(F)C([H])=C(F)C([H])=C2[H])C2=C([H])C([H])=C([H])C([H])=C2[H])C([H])([H])C([H])([H])C1([H])[H])C([H])([H])C([H])([H])C1=C([H])C([H])=C([H])C([H])=C1Cl	9050
[H]N(C(=O)[C@@]1([H])N(C(=O)[C@@]([H])(N([H])C(=O)OC([H])([H])C([H])([H])[H])C([H])([H])C2=C([H])N=C([H])C([H])=C2[H])C([H])([H])C([H])([H])C1([H])[H])C([H])([H])C([H])([H])C1=C([H])C([H])=C([H])C([H])=C1Cl	6045
[H]N(C(=O)[C@@]1([H])N(C(=O)[C@@]([H])(N([H])C(=O)C2([H])C([H])([H])C([H])([H])C([H])([H])C2([H])[H])C([H])([H])C2=C([H])N=C([H])C([H])=C2[H])C([H])([H])C([H])([H])C1([H])[H])C([H])([H])C([H])([H])C1=C([H])C([H])=C([H])C([H])=C1Cl	3315
[H]N(C(=O)[C@@]1([H])N(C(=O)[C@@]([H])(N([H])C(=O)OC([H])([H])C([H])([H])[H])C2=C([H])C([H])=C([H])C([H])=C2[H])C([H])([H])C([H])([H])C1([H])[H])C([H])([H])C([H])([H])C1=C([H])C([H])=C([H])C([H])=C1Cl	4476
[H]N(C(=O)[C@@]1([H])N(C(=O)[C@@]([H])(N([H])C(=O)C2=C([H])C([H])=C([H])C([H])=C2[H])C2=C([H])C([H])=C([H])C([H])=C2[H])C([H])([H])C([H])([H])C1([H])[H])C([H])([H])C([H])([H])C1=C([H])C([H])=C([H])C([H])=C1Cl	4885
[H]N(C(=O)[C@@]1([H])N(C(=O)[C@@]([H])(N([H])C(=O)OC([H])([H])C([H])([H])[H])C2([H])C([H])([H])C([H])([H])C([H])([H])C([H])([H])C2([H])[H])C([H])([H])C([H])([H])C1([H])[H])C([H])([H])C([H])([H])C1=C([H])C([H])=C([H])C([H])=C1Cl	2117
[H]N(C(=O)[C@@]1([H])N(C(=O)[C@@]([H])(N([H])C(=O)C([H])([H])C2([H])C([H])([H])C([H])([H])C([H])([H])C2([H])[H])C2=C([H])C([H])=C([H])C([H])=C2[H])C([H])([H])C([H])([H])C1([H])[H])C([H])([H])C([H])([H])C1=C([H])C([H])=C([H])C([H])=C1Cl	4383.5
[H]N(C(=O)[C@@]1([H])N(C(=O)[C@@]([H])(N([H])C(=O)C2=C([H])C([H])=C([H])S2)C2([H])C([H])([H])C([H])([H])C([H])([H])C([H])([H])C2([H])[H])C([H])([H])C([H])([H])C1([H])[H])C([H])([H])C([H])([H])C1=C([H])C([H])=C([H])C([H])=C1Cl	8317.5
[H]N(C(=O)[C@@]1([H])N(C(=O)[C@@]([H])(N([H])C(=O)N2C([H])([H])C([H])([H])OC([H])([H])C2([H])[H])C2([H])C([H])([H])C([H])([H])C([H])([H])C([H])([H])C2([H])[H])C([H])([H])C([H])([H])C1([H])[H])C([H])([H])C([H])([H])C1=C([H])C([H])=C([H])C([H])=C1Cl	5856
[H]N(C(=O)[C@@]1([H])N(C(=O)[C@@]([H])(N([H])C(=O)C2=C([H])C([H])=C([H])C([H])=C2C([H])([H])[H])C2=C([H])C([H])=C([H])C([H])=C2[H])C([H])([H])C([H])([H])C1([H])[H])C([H])([H])C([H])([H])C1=C([H])C([H])=C([H])C([H])=C1Cl	6919
[H]N(C(=O)[C@@]1([H])N(C(=O)[C@@]([H])(N([H])C(=O)C2=C([H])C([H])=C([H])C([H])=C2[H])C2([H])C([H])([H])C([H])([H])C([H])([H])C([H])([H])C2([H])[H])C([H])([H])C([H])([H])C1([H])[H])C([H])([H])C([H])([H])C1=C([H])C([H])=C([H])C([H])=C1Cl	5115.5
[H]N(C(=O)[C@@]1([H])N(C(=O)[C@@]([H])(N([H])C(=O)C2=C([H])C(OC([H])([H])[H])=C([H])C([H])=C2[H])C2([H])C([H])([H])C([H])([H])C([H])([H])C([H])([H])C2([H])[H])C([H])([H])C([H])([H])C1([H])[H])C([H])([H])C([H])([H])C1=C([H])C([H])=C([H])C([H])=C1Cl	6687
[H]N(C(=O)[C@@]1([H])N(C(=O)[C@@]([H])(N([H])C(=O)C2=C([H])C([H])=C([H])C([H])=C2C([H])([H])[H])C([H])(C([H])([H])[H])C([H])([H])[H])C([H])([H])C([H])([H])C1([H])[H])C([H])([H])C([H])([H])C1=C([H])C([H])=C([H])C([H])=C1Cl	2396
[H]N(C(=O)[C@@]1([H])N(C(=O)[C@@]([H])(N([H])C(=O)C2([H])C([H])([H])C([H])([H])C([H])([H])C2([H])[H])C([H])(C([H])([H])[H])C([H])([H])[H])C([H])([H])C([H])([H])C1([H])[H])C([H])([H])C([H])([H])C1=C([H])C([H])=C([H])C([H])=C1Cl	2348.135
[H]N(C(=O)[C@@]1([H])N(C(=O)[C@@]([H])(N([H])C(=O)C2([H])C([H])([H])C2([H])[H])C([H])(C([H])([H])[H])C([H])([H])[H])C([H])([H])C([H])([H])C1([H])[H])C([H])([H])C([H])([H])C1=C([H])C([H])=C([H])C([H])=C1Cl	3104.5
[H]N(C(=O)[C@@]1([H])N(C(=O)[C@@]([H])(N([H])C(=O)C2=C([H])C(OC([H])([H])[H])=C([H])C([H])=C2[H])C([H])(C([H])([H])[H])C([H])([H])[H])C([H])([H])C([H])([H])C1([H])[H])C([H])([H])C([H])([H])C1=C([H])C([H])=C([H])C([H])=C1Cl	1647.5
[H]N(C(=O)[C@@]1([H])N(C(=O)[C@@]([H])(N([H])C(=O)C2=C([H])C(Cl)=C(Cl)C([H])=C2[H])C([H])(C([H])([H])[H])C([H])([H])[H])C([H])([H])C([H])([H])C1([H])[H])C([H])([H])C([H])([H])C1=C([H])C([H])=C([H])C([H])=C1Cl	1492
[H]N(C(=O)[C@@]1([H])N(C(=O)[C@@]([H])(N([H])C(=O)C2=C(Cl)C([H])=C(Cl)C([H])=C2[H])C([H])(C([H])([H])[H])C([H])([H])[H])C([H])([H])C([H])([H])C1([H])[H])C([H])([H])C([H])([H])C1=C([H])C([H])=C([H])C([H])=C1Cl	2330.5
[H]N(C(=O)[C@@]1([H])N(C(=O)[C@@]([H])(N([H])C(=O)C2=C([H])C([H])=C([H])C([H])=C2[H])C([H])(C([H])([H])[H])C([H])([H])[H])C([H])([H])C([H])([H])C1([H])[H])C([H])([H])C([H])([H])C1=C([H])C([H])=C([H])C([H])=C1Cl	976.82
[H]N(C(=O)[C@@]1([H])N(C(=O)[C@@]([H])(N([H])S(=O)(=O)C2=C(F)C([H])=C(F)C([H])=C2[H])C([H])(C([H])([H])[H])C([H])([H])[H])C([H])([H])C([H])([H])C1([H])[H])C([H])([H])C([H])([H])C1=C([H])C([H])=C([H])C([H])=C1Cl	3772.5
[H]O[C@@]1([H])[C@@]([H])(O[C@]([H])(C(=O)N([H])[C@@]([H])(C(=O)N([H])C([H])([H])[C@@]([H])(C2=C([H])C([H])=C([H])C([H])=C2[H])C([H])([H])[H])C([H])([H])C2=C([H])C([H])=C([H])C([H])=C2[H])[C@@]1([H])O[H])N1C([H])=NC2=C1N([H])C(=NC2=O)N([H])[H]	9408.5
[H]O[C@@]1([H])[C@@]([H])(O[C@]([H])(C(=O)N([H])C([H])([H])[C@@]([H])(C2=C([H])C([H])=C([H])C([H])=C2[H])C([H])([H])[H])[C@@]1([H])O[H])N1C([H])=NC2=C1N([H])C(=NC2=O)N([H])[H]	2655
[H]N(C(=O)C([H])([H])[C@]1([H])C(=O)N(C2=C([H])[C@@]([H])(O[C@]([H])(C([H])([H])[H])[C@@]2(C(=O)OC([H])([H])[H])C1([H])[H])C(C([H])([H])[H])(C([H])([H])[H])C([H])([H])[H])C([H])([H])C([H])([H])C([H])([H])C([H])([H])C([H])([H])C([H])([H])C([H])([H])C([H])([H])[H])C([H])([H])C([H])([H])C1=C([H])C([H])=C([H])C([H])=C1OC([H])([H])[H]	6081
[H]N(C(=O)C([H])([H])[C@]1([H])C(=O)N(C2=C([H])[C@@]([H])(O[C@]([H])(C([H])([H])[H])[C@@]2(C(=O)OC([H])([H])[H])C1([H])[H])C1([H])C([H])([H])C([H])([H])C([H])([H])C1([H])[H])C([H])([H])C([H])([H])C([H])([H])C([H])([H])C([H])([H])C([H])([H])C([H])([H])C([H])([H])[H])C([H])([H])C([H])([H])C1=C([H])C([H])=C([H])C([H])=C1OC([H])([H])[H]	5881
[H]N(C(=O)C([H])([H])[C@]1([H])C(=O)N(C2=C([H])[C@@]([H])(O[C@]([H])(C([H])([H])[H])[C@@]2(C(=O)OC([H])([H])[H])C1([H])[H])C(C([H])([H])[H])(C([H])([H])[H])C([H])([H])[H])C([H])([H])C1=C([H])C([H])=C([H])C([H])=C1[H])C([H])([H])C([H])([H])C1=C([H])C([H])=C([H])C([H])=C1OC([H])([H])[H]	4898.5
